{
 "cells": [
  {
   "cell_type": "code",
   "execution_count": null,
   "id": "a1c189cd",
   "metadata": {},
   "outputs": [],
   "source": []
  },
  {
   "cell_type": "code",
   "execution_count": 171,
   "id": "a03ef301",
   "metadata": {},
   "outputs": [],
   "source": [
    "#import libraries\n",
    "import numpy as np\n",
    "import pandas as pd\n",
    "import matplotlib.pyplot as plt\n",
    "import seaborn as sns\n",
    "from sklearn.model_selection import train_test_split, cross_val_score, cross_val_predict\n",
    "import operator\n",
    "\n",
    "\n",
    "low_memory=False\n",
    "from sklearn.model_selection import train_test_split, cross_val_score\n",
    "from sklearn.neighbors import KNeighborsClassifier\n",
    "from sklearn.preprocessing import StandardScaler\n",
    "from sklearn.metrics import accuracy_score\n",
    "from sklearn import linear_model as lm"
   ]
  },
  {
   "cell_type": "code",
   "execution_count": 172,
   "id": "c9d5ab59",
   "metadata": {},
   "outputs": [],
   "source": [
    "df = pd.read_csv(\"bottle.csv\", index_col=False, low_memory=False )"
   ]
  },
  {
   "cell_type": "code",
   "execution_count": null,
   "id": "b0c572df",
   "metadata": {},
   "outputs": [],
   "source": [
    "#  Data Cleaning"
   ]
  },
  {
   "cell_type": "code",
   "execution_count": 173,
   "id": "241ff6dd",
   "metadata": {},
   "outputs": [],
   "source": [
    "nulls = df.isnull().sum().sort_values(ascending = False)\n",
    "prcet = round(nulls/len(df)*100,2)\n",
    "\n",
    "df_null = pd.DataFrame(columns =  ['Attr','Total','Percent'])\n",
    "df_null.Attr  = nulls.index\n",
    "df_null.Total = nulls.values\n",
    "df_null.Percent = prcet.values\n",
    "# print(df_null.tail(50))"
   ]
  },
  {
   "cell_type": "code",
   "execution_count": 174,
   "id": "616a1cdb",
   "metadata": {},
   "outputs": [],
   "source": [
    "# Drop attributes with more than 30% data missing\n",
    "\n",
    "for i in df_null.Attr[df_null['Percent'] > 10]:\n",
    "    df = df.drop([i], axis=1)\n",
    "#     print(df.shape,i)"
   ]
  },
  {
   "cell_type": "code",
   "execution_count": 175,
   "id": "2c05da0b",
   "metadata": {},
   "outputs": [],
   "source": [
    "#Fill remaining NULLs with mode values\n",
    "for i in df.columns:\n",
    "    if df[i].isnull().sum() > 0:\n",
    "        df[i].fillna(df[i].mode().mean(), inplace=True)\n",
    "#         print('filled',i)"
   ]
  },
  {
   "cell_type": "code",
   "execution_count": 131,
   "id": "ad321f49",
   "metadata": {},
   "outputs": [
    {
     "name": "stdout",
     "output_type": "stream",
     "text": [
      "      Attr  Total  Percent\n",
      "0  Cst_Cnt      0      0.0\n",
      "1  Btl_Cnt      0      0.0\n",
      "2  R_DYNHT      0      0.0\n",
      "3    R_SVA      0      0.0\n",
      "4  R_SIGMA      0      0.0\n"
     ]
    }
   ],
   "source": [
    "#Re-check NULL Percentages\n",
    "nulls = df.isnull().sum().sort_values(ascending = False)\n",
    "prcet = round(nulls/len(df)*100,2)\n",
    "\n",
    "df_null = pd.DataFrame(columns =  ['Attr','Total','Percent'])\n",
    "df_null.Attr  = nulls.index\n",
    "df_null.Total = nulls.values\n",
    "df_null.Percent = prcet.values\n",
    "print(df_null.head())"
   ]
  },
  {
   "cell_type": "code",
   "execution_count": 74,
   "id": "2e66f349",
   "metadata": {},
   "outputs": [
    {
     "name": "stdout",
     "output_type": "stream",
     "text": [
      "COUNT OF DUPLICATES:  0\n"
     ]
    }
   ],
   "source": [
    "# check for duplicate values\n",
    "print('COUNT OF DUPLICATES:  {}'.format(df.duplicated().sum()))"
   ]
  },
  {
   "cell_type": "markdown",
   "id": "b0f4c688",
   "metadata": {},
   "source": [
    "2.\tCreate a correlation matrix to see how the features are correlated. Describe your findings. Pay particular attention to what is correlated with water temperature"
   ]
  },
  {
   "cell_type": "code",
   "execution_count": 132,
   "id": "0aef9059",
   "metadata": {},
   "outputs": [
    {
     "data": {
      "text/plain": [
       "Cst_Cnt      int64\n",
       "Btl_Cnt      int64\n",
       "Sta_ID      object\n",
       "Depth_ID    object\n",
       "Depthm       int64\n",
       "dtype: object"
      ]
     },
     "execution_count": 132,
     "metadata": {},
     "output_type": "execute_result"
    }
   ],
   "source": [
    "df.dtypes.head()"
   ]
  },
  {
   "cell_type": "code",
   "execution_count": 176,
   "id": "dba8832f",
   "metadata": {},
   "outputs": [],
   "source": [
    "cat_data = df.select_dtypes(\"object\") #categorical data\n",
    "num_data = df.select_dtypes(\"number\") #numerical data"
   ]
  },
  {
   "cell_type": "code",
   "execution_count": 177,
   "id": "0c446b20",
   "metadata": {},
   "outputs": [],
   "source": [
    "null_count=num_data.isnull().sum(axis=0)\n",
    "x=null_count.reset_index()"
   ]
  },
  {
   "cell_type": "code",
   "execution_count": 178,
   "id": "2355ed84",
   "metadata": {},
   "outputs": [
    {
     "data": {
      "text/html": [
       "<div>\n",
       "<style scoped>\n",
       "    .dataframe tbody tr th:only-of-type {\n",
       "        vertical-align: middle;\n",
       "    }\n",
       "\n",
       "    .dataframe tbody tr th {\n",
       "        vertical-align: top;\n",
       "    }\n",
       "\n",
       "    .dataframe thead th {\n",
       "        text-align: right;\n",
       "    }\n",
       "</style>\n",
       "<table border=\"1\" class=\"dataframe\">\n",
       "  <thead>\n",
       "    <tr style=\"text-align: right;\">\n",
       "      <th></th>\n",
       "      <th>Cst_Cnt</th>\n",
       "      <th>Btl_Cnt</th>\n",
       "      <th>Depthm</th>\n",
       "      <th>T_degC</th>\n",
       "      <th>Salnty</th>\n",
       "      <th>STheta</th>\n",
       "      <th>RecInd</th>\n",
       "      <th>T_prec</th>\n",
       "      <th>S_prec</th>\n",
       "      <th>NH3q</th>\n",
       "      <th>...</th>\n",
       "      <th>DarkAq</th>\n",
       "      <th>MeanAq</th>\n",
       "      <th>R_Depth</th>\n",
       "      <th>R_TEMP</th>\n",
       "      <th>R_POTEMP</th>\n",
       "      <th>R_SALINITY</th>\n",
       "      <th>R_SIGMA</th>\n",
       "      <th>R_SVA</th>\n",
       "      <th>R_DYNHT</th>\n",
       "      <th>R_PRES</th>\n",
       "    </tr>\n",
       "  </thead>\n",
       "  <tbody>\n",
       "    <tr>\n",
       "      <th>Cst_Cnt</th>\n",
       "      <td>1.000000</td>\n",
       "      <td>0.999345</td>\n",
       "      <td>-0.162222</td>\n",
       "      <td>0.091209</td>\n",
       "      <td>-0.157695</td>\n",
       "      <td>-0.137306</td>\n",
       "      <td>-0.100142</td>\n",
       "      <td>0.068282</td>\n",
       "      <td>0.400713</td>\n",
       "      <td>-0.164697</td>\n",
       "      <td>...</td>\n",
       "      <td>-0.002795</td>\n",
       "      <td>-0.002955</td>\n",
       "      <td>-0.162220</td>\n",
       "      <td>0.091217</td>\n",
       "      <td>0.089377</td>\n",
       "      <td>-0.157281</td>\n",
       "      <td>-0.150139</td>\n",
       "      <td>0.148983</td>\n",
       "      <td>-0.067114</td>\n",
       "      <td>-0.161961</td>\n",
       "    </tr>\n",
       "    <tr>\n",
       "      <th>Btl_Cnt</th>\n",
       "      <td>0.999345</td>\n",
       "      <td>1.000000</td>\n",
       "      <td>-0.161617</td>\n",
       "      <td>0.092029</td>\n",
       "      <td>-0.155213</td>\n",
       "      <td>-0.136709</td>\n",
       "      <td>-0.100828</td>\n",
       "      <td>0.063216</td>\n",
       "      <td>0.399631</td>\n",
       "      <td>-0.169106</td>\n",
       "      <td>...</td>\n",
       "      <td>-0.002666</td>\n",
       "      <td>-0.002841</td>\n",
       "      <td>-0.161614</td>\n",
       "      <td>0.092037</td>\n",
       "      <td>0.090212</td>\n",
       "      <td>-0.154805</td>\n",
       "      <td>-0.149557</td>\n",
       "      <td>0.148483</td>\n",
       "      <td>-0.067493</td>\n",
       "      <td>-0.161348</td>\n",
       "    </tr>\n",
       "    <tr>\n",
       "      <th>Depthm</th>\n",
       "      <td>-0.162222</td>\n",
       "      <td>-0.161617</td>\n",
       "      <td>1.000000</td>\n",
       "      <td>-0.675837</td>\n",
       "      <td>0.529288</td>\n",
       "      <td>0.548833</td>\n",
       "      <td>0.082316</td>\n",
       "      <td>0.019953</td>\n",
       "      <td>0.015999</td>\n",
       "      <td>0.009856</td>\n",
       "      <td>...</td>\n",
       "      <td>0.001804</td>\n",
       "      <td>0.001944</td>\n",
       "      <td>1.000000</td>\n",
       "      <td>-0.675837</td>\n",
       "      <td>-0.647452</td>\n",
       "      <td>0.527977</td>\n",
       "      <td>0.570079</td>\n",
       "      <td>-0.631674</td>\n",
       "      <td>0.798042</td>\n",
       "      <td>0.999994</td>\n",
       "    </tr>\n",
       "    <tr>\n",
       "      <th>T_degC</th>\n",
       "      <td>0.091209</td>\n",
       "      <td>0.092029</td>\n",
       "      <td>-0.675837</td>\n",
       "      <td>1.000000</td>\n",
       "      <td>-0.474769</td>\n",
       "      <td>-0.795829</td>\n",
       "      <td>-0.065709</td>\n",
       "      <td>-0.040445</td>\n",
       "      <td>-0.043133</td>\n",
       "      <td>0.001108</td>\n",
       "      <td>...</td>\n",
       "      <td>-0.003950</td>\n",
       "      <td>-0.004095</td>\n",
       "      <td>-0.675835</td>\n",
       "      <td>1.000000</td>\n",
       "      <td>0.976312</td>\n",
       "      <td>-0.473570</td>\n",
       "      <td>-0.828833</td>\n",
       "      <td>0.931972</td>\n",
       "      <td>-0.721185</td>\n",
       "      <td>-0.674507</td>\n",
       "    </tr>\n",
       "    <tr>\n",
       "      <th>Salnty</th>\n",
       "      <td>-0.157695</td>\n",
       "      <td>-0.155213</td>\n",
       "      <td>0.529288</td>\n",
       "      <td>-0.474769</td>\n",
       "      <td>1.000000</td>\n",
       "      <td>0.545147</td>\n",
       "      <td>0.060568</td>\n",
       "      <td>-0.017962</td>\n",
       "      <td>-0.096793</td>\n",
       "      <td>0.018628</td>\n",
       "      <td>...</td>\n",
       "      <td>0.003679</td>\n",
       "      <td>0.003865</td>\n",
       "      <td>0.529287</td>\n",
       "      <td>-0.474770</td>\n",
       "      <td>-0.487599</td>\n",
       "      <td>0.997472</td>\n",
       "      <td>0.569549</td>\n",
       "      <td>-0.652126</td>\n",
       "      <td>0.662413</td>\n",
       "      <td>0.528064</td>\n",
       "    </tr>\n",
       "    <tr>\n",
       "      <th>STheta</th>\n",
       "      <td>-0.137306</td>\n",
       "      <td>-0.136709</td>\n",
       "      <td>0.548833</td>\n",
       "      <td>-0.795829</td>\n",
       "      <td>0.545147</td>\n",
       "      <td>1.000000</td>\n",
       "      <td>0.061734</td>\n",
       "      <td>0.023830</td>\n",
       "      <td>0.035440</td>\n",
       "      <td>0.010064</td>\n",
       "      <td>...</td>\n",
       "      <td>0.004077</td>\n",
       "      <td>0.004235</td>\n",
       "      <td>0.548834</td>\n",
       "      <td>-0.795830</td>\n",
       "      <td>-0.816558</td>\n",
       "      <td>0.543799</td>\n",
       "      <td>0.956633</td>\n",
       "      <td>-0.861020</td>\n",
       "      <td>0.594034</td>\n",
       "      <td>0.547659</td>\n",
       "    </tr>\n",
       "    <tr>\n",
       "      <th>RecInd</th>\n",
       "      <td>-0.100142</td>\n",
       "      <td>-0.100828</td>\n",
       "      <td>0.082316</td>\n",
       "      <td>-0.065709</td>\n",
       "      <td>0.060568</td>\n",
       "      <td>0.061734</td>\n",
       "      <td>1.000000</td>\n",
       "      <td>0.041380</td>\n",
       "      <td>0.350283</td>\n",
       "      <td>0.014564</td>\n",
       "      <td>...</td>\n",
       "      <td>0.002577</td>\n",
       "      <td>0.002577</td>\n",
       "      <td>0.082317</td>\n",
       "      <td>-0.065709</td>\n",
       "      <td>-0.063848</td>\n",
       "      <td>0.060502</td>\n",
       "      <td>0.058483</td>\n",
       "      <td>-0.064013</td>\n",
       "      <td>0.071293</td>\n",
       "      <td>0.082183</td>\n",
       "    </tr>\n",
       "    <tr>\n",
       "      <th>T_prec</th>\n",
       "      <td>0.068282</td>\n",
       "      <td>0.063216</td>\n",
       "      <td>0.019953</td>\n",
       "      <td>-0.040445</td>\n",
       "      <td>-0.017962</td>\n",
       "      <td>0.023830</td>\n",
       "      <td>0.041380</td>\n",
       "      <td>1.000000</td>\n",
       "      <td>0.094377</td>\n",
       "      <td>0.011404</td>\n",
       "      <td>...</td>\n",
       "      <td>0.000326</td>\n",
       "      <td>0.000326</td>\n",
       "      <td>0.019953</td>\n",
       "      <td>-0.040446</td>\n",
       "      <td>-0.044703</td>\n",
       "      <td>-0.017906</td>\n",
       "      <td>0.023467</td>\n",
       "      <td>-0.027705</td>\n",
       "      <td>0.017038</td>\n",
       "      <td>0.019975</td>\n",
       "    </tr>\n",
       "    <tr>\n",
       "      <th>S_prec</th>\n",
       "      <td>0.400713</td>\n",
       "      <td>0.399631</td>\n",
       "      <td>0.015999</td>\n",
       "      <td>-0.043133</td>\n",
       "      <td>-0.096793</td>\n",
       "      <td>0.035440</td>\n",
       "      <td>0.350283</td>\n",
       "      <td>0.094377</td>\n",
       "      <td>1.000000</td>\n",
       "      <td>-0.060094</td>\n",
       "      <td>...</td>\n",
       "      <td>-0.001720</td>\n",
       "      <td>-0.001720</td>\n",
       "      <td>0.016000</td>\n",
       "      <td>-0.043130</td>\n",
       "      <td>-0.043529</td>\n",
       "      <td>-0.096457</td>\n",
       "      <td>0.030759</td>\n",
       "      <td>-0.025205</td>\n",
       "      <td>-0.012089</td>\n",
       "      <td>0.016103</td>\n",
       "    </tr>\n",
       "    <tr>\n",
       "      <th>NH3q</th>\n",
       "      <td>-0.164697</td>\n",
       "      <td>-0.169106</td>\n",
       "      <td>0.009856</td>\n",
       "      <td>0.001108</td>\n",
       "      <td>0.018628</td>\n",
       "      <td>0.010064</td>\n",
       "      <td>0.014564</td>\n",
       "      <td>0.011404</td>\n",
       "      <td>-0.060094</td>\n",
       "      <td>1.000000</td>\n",
       "      <td>...</td>\n",
       "      <td>-0.000283</td>\n",
       "      <td>-0.000283</td>\n",
       "      <td>0.009856</td>\n",
       "      <td>0.001097</td>\n",
       "      <td>0.001138</td>\n",
       "      <td>0.018561</td>\n",
       "      <td>0.009702</td>\n",
       "      <td>-0.009533</td>\n",
       "      <td>-0.014864</td>\n",
       "      <td>0.009753</td>\n",
       "    </tr>\n",
       "    <tr>\n",
       "      <th>C14A1q</th>\n",
       "      <td>-0.002955</td>\n",
       "      <td>-0.002841</td>\n",
       "      <td>0.001944</td>\n",
       "      <td>-0.004095</td>\n",
       "      <td>0.003865</td>\n",
       "      <td>0.004235</td>\n",
       "      <td>0.002577</td>\n",
       "      <td>0.000326</td>\n",
       "      <td>-0.001720</td>\n",
       "      <td>-0.000283</td>\n",
       "      <td>...</td>\n",
       "      <td>0.857142</td>\n",
       "      <td>1.000000</td>\n",
       "      <td>0.001944</td>\n",
       "      <td>-0.004095</td>\n",
       "      <td>-0.004192</td>\n",
       "      <td>0.003855</td>\n",
       "      <td>0.004378</td>\n",
       "      <td>-0.004905</td>\n",
       "      <td>0.002721</td>\n",
       "      <td>0.001937</td>\n",
       "    </tr>\n",
       "    <tr>\n",
       "      <th>C14A2q</th>\n",
       "      <td>-0.002955</td>\n",
       "      <td>-0.002841</td>\n",
       "      <td>0.001944</td>\n",
       "      <td>-0.004095</td>\n",
       "      <td>0.003865</td>\n",
       "      <td>0.004235</td>\n",
       "      <td>0.002577</td>\n",
       "      <td>0.000326</td>\n",
       "      <td>-0.001720</td>\n",
       "      <td>-0.000283</td>\n",
       "      <td>...</td>\n",
       "      <td>0.857142</td>\n",
       "      <td>1.000000</td>\n",
       "      <td>0.001944</td>\n",
       "      <td>-0.004095</td>\n",
       "      <td>-0.004192</td>\n",
       "      <td>0.003855</td>\n",
       "      <td>0.004378</td>\n",
       "      <td>-0.004905</td>\n",
       "      <td>0.002721</td>\n",
       "      <td>0.001937</td>\n",
       "    </tr>\n",
       "    <tr>\n",
       "      <th>DarkAq</th>\n",
       "      <td>-0.002795</td>\n",
       "      <td>-0.002666</td>\n",
       "      <td>0.001804</td>\n",
       "      <td>-0.003950</td>\n",
       "      <td>0.003679</td>\n",
       "      <td>0.004077</td>\n",
       "      <td>0.002577</td>\n",
       "      <td>0.000326</td>\n",
       "      <td>-0.001720</td>\n",
       "      <td>-0.000283</td>\n",
       "      <td>...</td>\n",
       "      <td>1.000000</td>\n",
       "      <td>0.857142</td>\n",
       "      <td>0.001804</td>\n",
       "      <td>-0.003950</td>\n",
       "      <td>-0.004042</td>\n",
       "      <td>0.003670</td>\n",
       "      <td>0.004215</td>\n",
       "      <td>-0.004727</td>\n",
       "      <td>0.002326</td>\n",
       "      <td>0.001799</td>\n",
       "    </tr>\n",
       "    <tr>\n",
       "      <th>MeanAq</th>\n",
       "      <td>-0.002955</td>\n",
       "      <td>-0.002841</td>\n",
       "      <td>0.001944</td>\n",
       "      <td>-0.004095</td>\n",
       "      <td>0.003865</td>\n",
       "      <td>0.004235</td>\n",
       "      <td>0.002577</td>\n",
       "      <td>0.000326</td>\n",
       "      <td>-0.001720</td>\n",
       "      <td>-0.000283</td>\n",
       "      <td>...</td>\n",
       "      <td>0.857142</td>\n",
       "      <td>1.000000</td>\n",
       "      <td>0.001944</td>\n",
       "      <td>-0.004095</td>\n",
       "      <td>-0.004192</td>\n",
       "      <td>0.003855</td>\n",
       "      <td>0.004378</td>\n",
       "      <td>-0.004905</td>\n",
       "      <td>0.002721</td>\n",
       "      <td>0.001937</td>\n",
       "    </tr>\n",
       "    <tr>\n",
       "      <th>R_Depth</th>\n",
       "      <td>-0.162220</td>\n",
       "      <td>-0.161614</td>\n",
       "      <td>1.000000</td>\n",
       "      <td>-0.675835</td>\n",
       "      <td>0.529287</td>\n",
       "      <td>0.548834</td>\n",
       "      <td>0.082317</td>\n",
       "      <td>0.019953</td>\n",
       "      <td>0.016000</td>\n",
       "      <td>0.009856</td>\n",
       "      <td>...</td>\n",
       "      <td>0.001804</td>\n",
       "      <td>0.001944</td>\n",
       "      <td>1.000000</td>\n",
       "      <td>-0.675836</td>\n",
       "      <td>-0.647451</td>\n",
       "      <td>0.527976</td>\n",
       "      <td>0.570079</td>\n",
       "      <td>-0.631672</td>\n",
       "      <td>0.798042</td>\n",
       "      <td>0.999994</td>\n",
       "    </tr>\n",
       "    <tr>\n",
       "      <th>R_TEMP</th>\n",
       "      <td>0.091217</td>\n",
       "      <td>0.092037</td>\n",
       "      <td>-0.675837</td>\n",
       "      <td>1.000000</td>\n",
       "      <td>-0.474770</td>\n",
       "      <td>-0.795830</td>\n",
       "      <td>-0.065709</td>\n",
       "      <td>-0.040446</td>\n",
       "      <td>-0.043130</td>\n",
       "      <td>0.001097</td>\n",
       "      <td>...</td>\n",
       "      <td>-0.003950</td>\n",
       "      <td>-0.004095</td>\n",
       "      <td>-0.675836</td>\n",
       "      <td>1.000000</td>\n",
       "      <td>0.976312</td>\n",
       "      <td>-0.473571</td>\n",
       "      <td>-0.828834</td>\n",
       "      <td>0.931972</td>\n",
       "      <td>-0.721185</td>\n",
       "      <td>-0.674508</td>\n",
       "    </tr>\n",
       "    <tr>\n",
       "      <th>R_POTEMP</th>\n",
       "      <td>0.089377</td>\n",
       "      <td>0.090212</td>\n",
       "      <td>-0.647452</td>\n",
       "      <td>0.976312</td>\n",
       "      <td>-0.487599</td>\n",
       "      <td>-0.816558</td>\n",
       "      <td>-0.063848</td>\n",
       "      <td>-0.044703</td>\n",
       "      <td>-0.043529</td>\n",
       "      <td>0.001138</td>\n",
       "      <td>...</td>\n",
       "      <td>-0.004042</td>\n",
       "      <td>-0.004192</td>\n",
       "      <td>-0.647451</td>\n",
       "      <td>0.976312</td>\n",
       "      <td>1.000000</td>\n",
       "      <td>-0.486398</td>\n",
       "      <td>-0.852517</td>\n",
       "      <td>0.954564</td>\n",
       "      <td>-0.740860</td>\n",
       "      <td>-0.646118</td>\n",
       "    </tr>\n",
       "    <tr>\n",
       "      <th>R_SALINITY</th>\n",
       "      <td>-0.157281</td>\n",
       "      <td>-0.154805</td>\n",
       "      <td>0.527977</td>\n",
       "      <td>-0.473570</td>\n",
       "      <td>0.997472</td>\n",
       "      <td>0.543799</td>\n",
       "      <td>0.060502</td>\n",
       "      <td>-0.017906</td>\n",
       "      <td>-0.096457</td>\n",
       "      <td>0.018561</td>\n",
       "      <td>...</td>\n",
       "      <td>0.003670</td>\n",
       "      <td>0.003855</td>\n",
       "      <td>0.527976</td>\n",
       "      <td>-0.473571</td>\n",
       "      <td>-0.486398</td>\n",
       "      <td>1.000000</td>\n",
       "      <td>0.568108</td>\n",
       "      <td>-0.650502</td>\n",
       "      <td>0.660905</td>\n",
       "      <td>0.526756</td>\n",
       "    </tr>\n",
       "    <tr>\n",
       "      <th>R_SIGMA</th>\n",
       "      <td>-0.150139</td>\n",
       "      <td>-0.149557</td>\n",
       "      <td>0.570079</td>\n",
       "      <td>-0.828833</td>\n",
       "      <td>0.569549</td>\n",
       "      <td>0.956633</td>\n",
       "      <td>0.058483</td>\n",
       "      <td>0.023467</td>\n",
       "      <td>0.030759</td>\n",
       "      <td>0.009702</td>\n",
       "      <td>...</td>\n",
       "      <td>0.004215</td>\n",
       "      <td>0.004378</td>\n",
       "      <td>0.570079</td>\n",
       "      <td>-0.828834</td>\n",
       "      <td>-0.852517</td>\n",
       "      <td>0.568108</td>\n",
       "      <td>1.000000</td>\n",
       "      <td>-0.901420</td>\n",
       "      <td>0.618876</td>\n",
       "      <td>0.568850</td>\n",
       "    </tr>\n",
       "    <tr>\n",
       "      <th>R_SVA</th>\n",
       "      <td>0.148983</td>\n",
       "      <td>0.148483</td>\n",
       "      <td>-0.631674</td>\n",
       "      <td>0.931972</td>\n",
       "      <td>-0.652126</td>\n",
       "      <td>-0.861020</td>\n",
       "      <td>-0.064013</td>\n",
       "      <td>-0.027705</td>\n",
       "      <td>-0.025205</td>\n",
       "      <td>-0.009533</td>\n",
       "      <td>...</td>\n",
       "      <td>-0.004727</td>\n",
       "      <td>-0.004905</td>\n",
       "      <td>-0.631672</td>\n",
       "      <td>0.931972</td>\n",
       "      <td>0.954564</td>\n",
       "      <td>-0.650502</td>\n",
       "      <td>-0.901420</td>\n",
       "      <td>1.000000</td>\n",
       "      <td>-0.712758</td>\n",
       "      <td>-0.630267</td>\n",
       "    </tr>\n",
       "    <tr>\n",
       "      <th>R_DYNHT</th>\n",
       "      <td>-0.067114</td>\n",
       "      <td>-0.067493</td>\n",
       "      <td>0.798042</td>\n",
       "      <td>-0.721185</td>\n",
       "      <td>0.662413</td>\n",
       "      <td>0.594034</td>\n",
       "      <td>0.071293</td>\n",
       "      <td>0.017038</td>\n",
       "      <td>-0.012089</td>\n",
       "      <td>-0.014864</td>\n",
       "      <td>...</td>\n",
       "      <td>0.002326</td>\n",
       "      <td>0.002721</td>\n",
       "      <td>0.798042</td>\n",
       "      <td>-0.721185</td>\n",
       "      <td>-0.740860</td>\n",
       "      <td>0.660905</td>\n",
       "      <td>0.618876</td>\n",
       "      <td>-0.712758</td>\n",
       "      <td>1.000000</td>\n",
       "      <td>0.796774</td>\n",
       "    </tr>\n",
       "    <tr>\n",
       "      <th>R_PRES</th>\n",
       "      <td>-0.161961</td>\n",
       "      <td>-0.161348</td>\n",
       "      <td>0.999994</td>\n",
       "      <td>-0.674507</td>\n",
       "      <td>0.528064</td>\n",
       "      <td>0.547659</td>\n",
       "      <td>0.082183</td>\n",
       "      <td>0.019975</td>\n",
       "      <td>0.016103</td>\n",
       "      <td>0.009753</td>\n",
       "      <td>...</td>\n",
       "      <td>0.001799</td>\n",
       "      <td>0.001937</td>\n",
       "      <td>0.999994</td>\n",
       "      <td>-0.674508</td>\n",
       "      <td>-0.646118</td>\n",
       "      <td>0.526756</td>\n",
       "      <td>0.568850</td>\n",
       "      <td>-0.630267</td>\n",
       "      <td>0.796774</td>\n",
       "      <td>1.000000</td>\n",
       "    </tr>\n",
       "  </tbody>\n",
       "</table>\n",
       "<p>22 rows × 22 columns</p>\n",
       "</div>"
      ],
      "text/plain": [
       "             Cst_Cnt   Btl_Cnt    Depthm    T_degC    Salnty    STheta  \\\n",
       "Cst_Cnt     1.000000  0.999345 -0.162222  0.091209 -0.157695 -0.137306   \n",
       "Btl_Cnt     0.999345  1.000000 -0.161617  0.092029 -0.155213 -0.136709   \n",
       "Depthm     -0.162222 -0.161617  1.000000 -0.675837  0.529288  0.548833   \n",
       "T_degC      0.091209  0.092029 -0.675837  1.000000 -0.474769 -0.795829   \n",
       "Salnty     -0.157695 -0.155213  0.529288 -0.474769  1.000000  0.545147   \n",
       "STheta     -0.137306 -0.136709  0.548833 -0.795829  0.545147  1.000000   \n",
       "RecInd     -0.100142 -0.100828  0.082316 -0.065709  0.060568  0.061734   \n",
       "T_prec      0.068282  0.063216  0.019953 -0.040445 -0.017962  0.023830   \n",
       "S_prec      0.400713  0.399631  0.015999 -0.043133 -0.096793  0.035440   \n",
       "NH3q       -0.164697 -0.169106  0.009856  0.001108  0.018628  0.010064   \n",
       "C14A1q     -0.002955 -0.002841  0.001944 -0.004095  0.003865  0.004235   \n",
       "C14A2q     -0.002955 -0.002841  0.001944 -0.004095  0.003865  0.004235   \n",
       "DarkAq     -0.002795 -0.002666  0.001804 -0.003950  0.003679  0.004077   \n",
       "MeanAq     -0.002955 -0.002841  0.001944 -0.004095  0.003865  0.004235   \n",
       "R_Depth    -0.162220 -0.161614  1.000000 -0.675835  0.529287  0.548834   \n",
       "R_TEMP      0.091217  0.092037 -0.675837  1.000000 -0.474770 -0.795830   \n",
       "R_POTEMP    0.089377  0.090212 -0.647452  0.976312 -0.487599 -0.816558   \n",
       "R_SALINITY -0.157281 -0.154805  0.527977 -0.473570  0.997472  0.543799   \n",
       "R_SIGMA    -0.150139 -0.149557  0.570079 -0.828833  0.569549  0.956633   \n",
       "R_SVA       0.148983  0.148483 -0.631674  0.931972 -0.652126 -0.861020   \n",
       "R_DYNHT    -0.067114 -0.067493  0.798042 -0.721185  0.662413  0.594034   \n",
       "R_PRES     -0.161961 -0.161348  0.999994 -0.674507  0.528064  0.547659   \n",
       "\n",
       "              RecInd    T_prec    S_prec      NH3q  ...    DarkAq    MeanAq  \\\n",
       "Cst_Cnt    -0.100142  0.068282  0.400713 -0.164697  ... -0.002795 -0.002955   \n",
       "Btl_Cnt    -0.100828  0.063216  0.399631 -0.169106  ... -0.002666 -0.002841   \n",
       "Depthm      0.082316  0.019953  0.015999  0.009856  ...  0.001804  0.001944   \n",
       "T_degC     -0.065709 -0.040445 -0.043133  0.001108  ... -0.003950 -0.004095   \n",
       "Salnty      0.060568 -0.017962 -0.096793  0.018628  ...  0.003679  0.003865   \n",
       "STheta      0.061734  0.023830  0.035440  0.010064  ...  0.004077  0.004235   \n",
       "RecInd      1.000000  0.041380  0.350283  0.014564  ...  0.002577  0.002577   \n",
       "T_prec      0.041380  1.000000  0.094377  0.011404  ...  0.000326  0.000326   \n",
       "S_prec      0.350283  0.094377  1.000000 -0.060094  ... -0.001720 -0.001720   \n",
       "NH3q        0.014564  0.011404 -0.060094  1.000000  ... -0.000283 -0.000283   \n",
       "C14A1q      0.002577  0.000326 -0.001720 -0.000283  ...  0.857142  1.000000   \n",
       "C14A2q      0.002577  0.000326 -0.001720 -0.000283  ...  0.857142  1.000000   \n",
       "DarkAq      0.002577  0.000326 -0.001720 -0.000283  ...  1.000000  0.857142   \n",
       "MeanAq      0.002577  0.000326 -0.001720 -0.000283  ...  0.857142  1.000000   \n",
       "R_Depth     0.082317  0.019953  0.016000  0.009856  ...  0.001804  0.001944   \n",
       "R_TEMP     -0.065709 -0.040446 -0.043130  0.001097  ... -0.003950 -0.004095   \n",
       "R_POTEMP   -0.063848 -0.044703 -0.043529  0.001138  ... -0.004042 -0.004192   \n",
       "R_SALINITY  0.060502 -0.017906 -0.096457  0.018561  ...  0.003670  0.003855   \n",
       "R_SIGMA     0.058483  0.023467  0.030759  0.009702  ...  0.004215  0.004378   \n",
       "R_SVA      -0.064013 -0.027705 -0.025205 -0.009533  ... -0.004727 -0.004905   \n",
       "R_DYNHT     0.071293  0.017038 -0.012089 -0.014864  ...  0.002326  0.002721   \n",
       "R_PRES      0.082183  0.019975  0.016103  0.009753  ...  0.001799  0.001937   \n",
       "\n",
       "             R_Depth    R_TEMP  R_POTEMP  R_SALINITY   R_SIGMA     R_SVA  \\\n",
       "Cst_Cnt    -0.162220  0.091217  0.089377   -0.157281 -0.150139  0.148983   \n",
       "Btl_Cnt    -0.161614  0.092037  0.090212   -0.154805 -0.149557  0.148483   \n",
       "Depthm      1.000000 -0.675837 -0.647452    0.527977  0.570079 -0.631674   \n",
       "T_degC     -0.675835  1.000000  0.976312   -0.473570 -0.828833  0.931972   \n",
       "Salnty      0.529287 -0.474770 -0.487599    0.997472  0.569549 -0.652126   \n",
       "STheta      0.548834 -0.795830 -0.816558    0.543799  0.956633 -0.861020   \n",
       "RecInd      0.082317 -0.065709 -0.063848    0.060502  0.058483 -0.064013   \n",
       "T_prec      0.019953 -0.040446 -0.044703   -0.017906  0.023467 -0.027705   \n",
       "S_prec      0.016000 -0.043130 -0.043529   -0.096457  0.030759 -0.025205   \n",
       "NH3q        0.009856  0.001097  0.001138    0.018561  0.009702 -0.009533   \n",
       "C14A1q      0.001944 -0.004095 -0.004192    0.003855  0.004378 -0.004905   \n",
       "C14A2q      0.001944 -0.004095 -0.004192    0.003855  0.004378 -0.004905   \n",
       "DarkAq      0.001804 -0.003950 -0.004042    0.003670  0.004215 -0.004727   \n",
       "MeanAq      0.001944 -0.004095 -0.004192    0.003855  0.004378 -0.004905   \n",
       "R_Depth     1.000000 -0.675836 -0.647451    0.527976  0.570079 -0.631672   \n",
       "R_TEMP     -0.675836  1.000000  0.976312   -0.473571 -0.828834  0.931972   \n",
       "R_POTEMP   -0.647451  0.976312  1.000000   -0.486398 -0.852517  0.954564   \n",
       "R_SALINITY  0.527976 -0.473571 -0.486398    1.000000  0.568108 -0.650502   \n",
       "R_SIGMA     0.570079 -0.828834 -0.852517    0.568108  1.000000 -0.901420   \n",
       "R_SVA      -0.631672  0.931972  0.954564   -0.650502 -0.901420  1.000000   \n",
       "R_DYNHT     0.798042 -0.721185 -0.740860    0.660905  0.618876 -0.712758   \n",
       "R_PRES      0.999994 -0.674508 -0.646118    0.526756  0.568850 -0.630267   \n",
       "\n",
       "             R_DYNHT    R_PRES  \n",
       "Cst_Cnt    -0.067114 -0.161961  \n",
       "Btl_Cnt    -0.067493 -0.161348  \n",
       "Depthm      0.798042  0.999994  \n",
       "T_degC     -0.721185 -0.674507  \n",
       "Salnty      0.662413  0.528064  \n",
       "STheta      0.594034  0.547659  \n",
       "RecInd      0.071293  0.082183  \n",
       "T_prec      0.017038  0.019975  \n",
       "S_prec     -0.012089  0.016103  \n",
       "NH3q       -0.014864  0.009753  \n",
       "C14A1q      0.002721  0.001937  \n",
       "C14A2q      0.002721  0.001937  \n",
       "DarkAq      0.002326  0.001799  \n",
       "MeanAq      0.002721  0.001937  \n",
       "R_Depth     0.798042  0.999994  \n",
       "R_TEMP     -0.721185 -0.674508  \n",
       "R_POTEMP   -0.740860 -0.646118  \n",
       "R_SALINITY  0.660905  0.526756  \n",
       "R_SIGMA     0.618876  0.568850  \n",
       "R_SVA      -0.712758 -0.630267  \n",
       "R_DYNHT     1.000000  0.796774  \n",
       "R_PRES      0.796774  1.000000  \n",
       "\n",
       "[22 rows x 22 columns]"
      ]
     },
     "execution_count": 178,
     "metadata": {},
     "output_type": "execute_result"
    }
   ],
   "source": [
    "num_data.corr()"
   ]
  },
  {
   "cell_type": "code",
   "execution_count": 180,
   "id": "5f618866",
   "metadata": {},
   "outputs": [
    {
     "data": {
